Laffer Associates Game On [Updated 7/6/2016]

Table 6
Membership of State Houses, Senates and Governorships by Party
(biannual: 1976-1998, annual: 2000-2016)

State Senate Count State House Count Governor Count
Democrat Republican | Other Democrat Republican Other Democrat | Republican Ind.

1306 618 8 3772 1783 26 36 13 1

37 12 1
1260 669 3 3454 2027 20 37 12 1

32 18 0
1182 742 8 3289 2190 22 31 19 0

27 23 0
1210 725 2 3429 2006 17 27 23 0

34 16 0
1187 753 6 3136 2316 14 35 15 0

34 16 0
1177 762 7 3294 2164 i) 34 16 0

26 24 0
1192 751 3 3277 2176 13 27 23 0

28 22 0
1186 757 3 3242 2202 23 29 21 0

29 19 2
1132 799 4 3186 2223 31 28 20 2

30 18 2
1021 905 a 2817 2603 31 29 19 2

19 30 1
998 931 i) 2886 2539 31 18 31 1

17 32 1
1041 963 3 2903 2580 0 17 32 1

17 31 2
995 931 11 2818 2600 21 17 31 2
990 932 13 2809 2604 14 21 27 2
939 974 58 2694 2687 30 21 27 2
941 977 4 2700 2693 18 24 26 0
950 967 ae 2686 2689 21 22 28 0
951 963 8 2704 2683 24 22 28 0
952 964 6 2702 2675 34 22 28 0
1010 909 3 2971 2422 18 28 22 0
1020 898 4 2985 2403 24 28 22 0
1021 890 11 3041 2346 24 28 22 0
1026 893 3 3028 2356 27 26 24 0
881 1032 ce) 2453 2924 36 20 29 1
873 1040 57 2441 2939 31 20 29 1
889 1022 61 2592 2791 28 19 30 1
876 1034 62 2572 2802 37 21 29 0
821 1087 64 2342 3024 45 18 31 1
827 1088 57 2342 3037 32 18 31 1

Source: 2016-2016: NCSL, numbers are as of January for each year; 1976-2012: Census Bureau, numbers are as of March for each year

HOUSE_OVERSIGHT_025307
