Laffer Associates Game On [Updated 7/6/2016]

Table 1
Primaries Completed as of May 3

Republican Primary Turn Out % Increase | %Increase DemocratPrimaryTurnOut % Increase Democrat Democrat
2016 from 2016 from 2016 from Advantage Advantage
2008 2012 2016 2008 2012 2008 2016 2008 2008 2016
Alabama 552,209 621,916 860,652 55.0% 38.4% 536,626 396,851 -26.0% (15,583) (463,801)
Arizona 541,767 511,239 625,770 -2.1% 22.4% 456,626 468,461 2.6% (85,141) (157,309)
Arkansas 229,882 152,360 410,920 76.8% 169.7% 315,839 221,020 -30.0% 85,957 (189,900)
Connecticut 151,605 59,639 213,372 40.8% 257.8% 355,561 328,467 -7.6% 203,956 115,095
Delaware 50,237 28,592 69,892 39.1% 144.4% 96,341 93,640 -2.8% 46,104 23,748
Florida 1,949,498 1,676,176 2,361,805 20.8% 40.9% 1,749,920 1,709,183 -2.3% (199,578) (652,622)
Georgia 963,541 901,470 1,295,963 34.2% 43.8% 1,060,851 765,366 -27.9% 97,310 (530,597)
Illinois 899,422 933,454 1,449,748 57.8% 55.3% 2,038,614 2,056,047 0.9% 1,139,192 606 299
Indiana 412,684 635,589 1,110,543 167.2% 74.7% 1,278,355 638,779 -50.0% 865,671 (471,764)
Louisiana 161,169 186,410 301,241 86.9% 61.6% 384 346 311,776 -18.9% 223,177 10,535
Maryland 320,989 248 468 459,066 35.0% 84.8% 878,174 916,763 44% 557,185 457 ,697
Massachusetts 501,997 370,425 637,703 25.8% 72.2% 1,263,764 1,220,296 -3.4% 761,767 582,593
Michigan 869,169 996,499 1,323,589 52.4% 32.8% 594 398 1,205,552 102.8% (274,771) (118,037)
Mississippi 143,286 293,787 416,252 182.8% 41.7% 434,110 227,164 -A7.7% 290 824 (189,088)
Missouri 588 844 252,185 939,270 58.6% 272.5% 825,050 629,425 -23.7% 236,206 (309,845)
ten : 234,625 249,534 287 683 21.1% 15.3% 288,672 254,776 -11.7% 54,047 (32,907)
lampshire
New York 670,078 190,515 921,771 27.9% 383.8% 1,891,143 1,970,900 4.2% 1,221,065 1,049,129
North Carolina 1,335,052 973,206 1,149,705 -14.7% 18.1% 1,580,726 1,143,293 -27.7% 245,674 (6,412)
Ohio 1,095,917 1,213,879 2,014,396 86.4% 65.9% 2,354,721 1,259,754 46.5% 1,258,804 (754,642)
Oklahoma 335,054 286,523 459,922 37.2% 60.5% 417,207 335,843 -19.5% 82,153 (124,079)
Pennsylvania 829,129 808,115 1,594,475 88.8% 97.3% 2,354,005 1,681,427 -28.6% 1,524,876 86,952
Rhode Island 27,237 14,564 62,331 125.5% 328.0% 186,657 124,960 -33.1% 159,420 62,629
South Carolina 445,499 603,770 745,405 65.6% 23.5% ยง32,151 373,063 -29.9% 86,652 (372,342)
Tennessee 553,815 547,561 855,729 54.3% 56.3% 624 764 377,222 -39.6% 70,949 (478,507)
Texas 1,362,322 1,449,477 2,836,488 107.9% 95.7% 2,874,986 1,435,895 -50.1% 1,512,664 (1,400,593)
Vermont 40,120 60,850 61,756 52.1% 1.5% 155,279 135,256 -12.9% 115,159 73,500
Virginia 489 252 265,570 1,025,425 109.5% 286.1% 986 203 785,041 -20.4% 496,951 (240,384)
Wisconsin 529,932 787 847 1,105,944 107.1% 40.4% 1,113,753 1,007,600 -9.5% 583,821 (98,344)
Total Votes 16,284,331 15,319,620 25,596,816 57.2% 67.1% 27,628,842 22,073,820 20.1% 11,344,511 (3,522,996)
EW % Change 66.6% 103.0% 16.2%
8

HOUSE_OVERSIGHT_025303
